135 200 30 45 90 90
135 200 30 45 90 90
135 200 30 45 85 90
135 200 30 45 80 90
135 200 30 45 75 90
135 200 30 45 70 90
135 200 30 45 65 90
135 200 30 45 60 90
135 200 30 45 55 90
135 200 30 45 50 90
135 200 30 45 45 90
135 200 30 45 50 90
135 200 30 45 55 90
135 200 30 45 60 90
135 200 30 45 65 90
135 200 30 45 70 90
135 200 30 45 75 90
135 200 30 45 80 90
135 200 30 45 85 90
135 200 30 45 90 90
135 200 30 45 95 90
135 200 30 45 100 90
135 200 30 45 105 90
135 200 30 45 110 90
135 200 30 45 115 90
135 200 30 45 120 90
135 200 30 45 125 90
135 200 30 45 130 90
135 200 30 45 135 90
135 200 30 45 130 90
135 200 30 45 125 90
135 200 30 45 120 90
135 200 30 45 115 90
135 200 30 45 110 90
